DRGREE = 3

zeror[0] =  1.000000	zeroi[0] =  0.000000	|f(x*)| = 0.000000 + 0.000000 * i
zeror[1] = -1.000000	zeroi[1] =  2.000000	|f(x*)| = 0.000000 + 0.000000 * i
zeror[2] = -1.000000	zeroi[2] = -2.000000	|f(x*)| = 0.000000 + 0.000000 * i


