DRGREE = 4

zeror[0] = -0.356062	zeroi[0] =  0.162758	|f(x*)| = 0.000000 + 0.000000 * i
zeror[1] = -0.356062	zeroi[1] = -0.162758	|f(x*)| = 0.000000 + 0.000000 * i
zeror[2] =  1.241677	zeroi[2] =  0.000000	|f(x*)| = 0.000000 + 0.000000 * i
zeror[3] =  1.970446	zeroi[3] =  0.000000	|f(x*)| = 0.000000 + 0.000000 * i


