DRGREE = 5

zeror[0] = -0.250237	zeroi[0] =  0.000000	|f(x*)| = 0.000000 + 0.000000 * i
zeror[1] = -0.198710	zeroi[1] =  0.813313	|f(x*)| = 0.000000 + 0.000000 * i
zeror[2] = -0.198710	zeroi[2] = -0.813313	|f(x*)| = 0.000000 + 0.000000 * i
zeror[3] =  2.260086	zeroi[3] =  0.000000	|f(x*)| = 0.000000 + 0.000000 * i
zeror[4] =-12.612430	zeroi[4] =  0.000000	|f(x*)| = 0.000000 + 0.000000 * i


